4.481860452817397977e+00
2.684358145700949092e-05
-7.386897581692548502e-06
-3.648728104003205047e-02
-7.688929793578697103e-02
4.793351115727834599e-05
5.927479630089223158e-05
-8.479586783353161691e-05
-4.538056579172342175e+00
-4.112215979970690327e+00
-1.649677547972713709e+00
-3.020673873713949575e+00
-4.828370247250106218e+00
-1.640447230484751717e+00
-2.272538288486726898e+00
-8.377426480652363949e+00
-1.892775144856533975e+00
-3.578745359486556588e+00
-1.346598603852805942e+00
-3.194554381953481403e+00
2.158803809436677490e+00
-3.974965603156939586e+00
-1.650504035473326914e+00
-1.217280855388699567e+00
-2.989478458851718035e+00
0.000000000000000000e+00
-1.462681704151677087e+00
-3.368687383695051274e+00
-4.284901384652608947e+00
-2.886401434833166135e+00
-1.268912473863931023e+00
-6.618156132476715747e-01
-2.839851303423349904e+00
-2.016512095568545160e+00
-1.415389881400325733e-01
0.000000000000000000e+00
1.691960223463927215e-01
-2.505429935476657821e+00
-9.868945617519435665e-01
0.000000000000000000e+00
2.304781894464480105e-02
-4.158795419009737593e-01
-6.558097363175851013e-01
-2.131995497293808661e+00
-2.163978794365271963e+00
-1.243997514112888059e+00
-2.003764374444084506e+00
-8.719082401679609795e-01
6.563170521466932250e-01
1.083461312466799664e-01
0.000000000000000000e+00
-1.537812836237941738e-01
0.000000000000000000e+00
-1.664245403628146880e+00
-6.240951707344024602e-01
-3.776757329980874323e-01
0.000000000000000000e+00
0.000000000000000000e+00
0.000000000000000000e+00
-1.635295307986632529e-01
-3.683431503416120245e-01
1.095197058540518187e+00
-1.389856607938851463e+00
-4.619033196068340619e-01
0.000000000000000000e+00
-5.959208995685666421e-01
0.000000000000000000e+00
-1.993246640291868710e+00
-2.719631377812167905e+00
-2.915741280665488766e+00
-3.289650586968270840e+00
-6.070117523417126737e-01
-4.194767970423109560e+00
-4.768295561583522968e+00
-5.003074913695761960e-01
-3.279269716284879621e+00
3.886080773674454591e-01
-3.024831466545922165e+00
-6.262754855191052794e-01
-1.315988205117012977e-01
0.000000000000000000e+00
1.810772076416871101e+00
0.000000000000000000e+00
0.000000000000000000e+00
0.000000000000000000e+00
0.000000000000000000e+00
-5.928659772461627675e+00
-6.334638000548010739e-01
-1.895720481185992679e+00
0.000000000000000000e+00
-1.294448720869466385e+00
9.370686296401482540e-01
0.000000000000000000e+00
0.000000000000000000e+00
3.831211179955933410e-01
3.689130962290807059e+00
4.650687072470645944e+00
7.713499942091687211e-01
1.376564985636976046e-01
0.000000000000000000e+00
0.000000000000000000e+00
1.477343644619245167e+00
-9.705939966193848356e-01
0.000000000000000000e+00
0.000000000000000000e+00
-7.197080762056234926e-01
1.806370218363567703e+00
4.236845706269137146e+00
-1.619194661238380961e+00
-1.010599801793035768e+00
-2.093047331807608782e-02
-1.773961800930623722e+00
0.000000000000000000e+00
-6.765168079498879994e-01
0.000000000000000000e+00
0.000000000000000000e+00
-1.400362900052512849e+00
-1.287574341343350470e+00
-1.126987544083588172e-01
-2.748528383504371675e-01
1.894195798911326722e+00
0.000000000000000000e+00
0.000000000000000000e+00
0.000000000000000000e+00
0.000000000000000000e+00
0.000000000000000000e+00
0.000000000000000000e+00
0.000000000000000000e+00
-8.758673472094207213e-01
1.613446912049060211e+00
-4.871363082532159106e-01
0.000000000000000000e+00
0.000000000000000000e+00
0.000000000000000000e+00
0.000000000000000000e+00
0.000000000000000000e+00
0.000000000000000000e+00
0.000000000000000000e+00
-7.566608059202281078e-01
0.000000000000000000e+00
0.000000000000000000e+00
0.000000000000000000e+00
0.000000000000000000e+00
0.000000000000000000e+00
0.000000000000000000e+00
0.000000000000000000e+00
0.000000000000000000e+00
0.000000000000000000e+00
-3.125731241626124479e+00
0.000000000000000000e+00
-4.107100479048205743e-01
0.000000000000000000e+00
0.000000000000000000e+00
0.000000000000000000e+00
0.000000000000000000e+00
0.000000000000000000e+00
-2.339423979791646069e+00
-1.130392919236717919e+00
1.114251868716735983e+00
0.000000000000000000e+00
0.000000000000000000e+00
0.000000000000000000e+00
0.000000000000000000e+00
0.000000000000000000e+00
0.000000000000000000e+00
0.000000000000000000e+00
0.000000000000000000e+00
0.000000000000000000e+00
-2.232894457657328413e+00
0.000000000000000000e+00
0.000000000000000000e+00
0.000000000000000000e+00
0.000000000000000000e+00
0.000000000000000000e+00
0.000000000000000000e+00
0.000000000000000000e+00
0.000000000000000000e+00
0.000000000000000000e+00
-1.436332822949035082e+00
0.000000000000000000e+00
0.000000000000000000e+00
0.000000000000000000e+00
0.000000000000000000e+00
0.000000000000000000e+00
0.000000000000000000e+00
0.000000000000000000e+00
0.000000000000000000e+00
0.000000000000000000e+00
5.323605358939245136e-01
0.000000000000000000e+00
0.000000000000000000e+00
0.000000000000000000e+00
0.000000000000000000e+00
0.000000000000000000e+00
0.000000000000000000e+00
0.000000000000000000e+00
0.000000000000000000e+00
0.000000000000000000e+00
3.025678550642504905e-01
-6.912795208603408348e-01
6.260449335307242125e-01
1.771267367343631882e-01
2.531347516435789924e+00
4.583668067366303833e-01
0.000000000000000000e+00
0.000000000000000000e+00
0.000000000000000000e+00
-2.684217474726334984e+00
